# BadCLIP Alignment Analysis

subsample: base
num_samples: 256
target_index: 0
target_name: face

## Cross-modal alignment
align_mean: 0.143688
align_std: 0.034797
align_median: 0.140999

## Target attraction
target_attract_mean: 0.117791
target_attract_std: 0.052958
target_attract_median: 0.107390

## Shift norm
delta_i_norm_mean: 0.771913
delta_t_norm_mean: 0.711234

## Image-shift PCA explained ratio top10
PC1: 0.267155
PC2: 0.123470
PC3: 0.044482
PC4: 0.038662
PC5: 0.031747
PC6: 0.026794
PC7: 0.023266
PC8: 0.020653
PC9: 0.018422
PC10: 0.017359
Top1 cumulative: 0.267155
Top3 cumulative: 0.435107
Top5 cumulative: 0.505517

## Image-shift consistency to mean direction
consistency_mean: 0.837372
consistency_std: 0.027451
