# BadCLIP Alignment Analysis

subsample: base
num_samples: 1549
target_index: 0
target_name: face

## Cross-modal alignment
align_mean: 0.064983
align_std: 0.038157
align_median: 0.062171

## Target attraction
target_attract_mean: 0.106555
target_attract_std: 0.025103
target_attract_median: 0.107418

## Shift norm
delta_i_norm_mean: 0.717641
delta_t_norm_mean: 0.211811

## Image-shift PCA explained ratio top10
PC1: 0.137008
PC2: 0.079758
PC3: 0.049444
PC4: 0.042514
PC5: 0.035204
PC6: 0.026934
PC7: 0.025869
PC8: 0.022964
PC9: 0.020481
PC10: 0.018266
Top1 cumulative: 0.137008
Top3 cumulative: 0.266210
Top5 cumulative: 0.343928

## Image-shift consistency to mean direction
consistency_mean: 0.830518
consistency_std: 0.047372
