# BadCLIP Alignment Analysis

subsample: new
num_samples: 916
target_index: 0
target_name: face

## Cross-modal alignment
align_mean: 0.073911
align_std: 0.043445
align_median: 0.067852

## Target attraction
target_attract_mean: 0.098213
target_attract_std: 0.021200
target_attract_median: 0.098299

## Shift norm
delta_i_norm_mean: 0.674025
delta_t_norm_mean: 0.212238

## Image-shift PCA explained ratio top10
PC1: 0.107003
PC2: 0.056783
PC3: 0.047514
PC4: 0.045340
PC5: 0.043517
PC6: 0.029424
PC7: 0.028882
PC8: 0.021954
PC9: 0.020619
PC10: 0.018618
Top1 cumulative: 0.107003
Top3 cumulative: 0.211300
Top5 cumulative: 0.300157

## Image-shift consistency to mean direction
consistency_mean: 0.838656
consistency_std: 0.047594
