# BadCLIP Alignment Analysis

subsample: new
num_samples: 916
target_index: 0
target_name: face

## Cross-modal alignment
align_mean: 0.138449
align_std: 0.047790
align_median: 0.133009

## Target attraction
target_attract_mean: 0.095333
target_attract_std: 0.021643
target_attract_median: 0.097209

## Shift norm
delta_i_norm_mean: 0.614954
delta_t_norm_mean: 0.449443

## Image-shift PCA explained ratio top10
PC1: 0.095971
PC2: 0.058513
PC3: 0.056430
PC4: 0.042265
PC5: 0.035940
PC6: 0.033003
PC7: 0.023152
PC8: 0.022448
PC9: 0.020360
PC10: 0.018995
Top1 cumulative: 0.095971
Top3 cumulative: 0.210914
Top5 cumulative: 0.289119

## Image-shift consistency to mean direction
consistency_mean: 0.848583
consistency_std: 0.053524
