# BadCLIP Alignment Analysis

subsample: base
num_samples: 1549
target_index: 0
target_name: face

## Cross-modal alignment
align_mean: -0.000264
align_std: 0.040450
align_median: -0.005371

## Target attraction
target_attract_mean: 0.132317
target_attract_std: 0.030882
target_attract_median: 0.134151

## Shift norm
delta_i_norm_mean: 0.716895
delta_t_norm_mean: 0.175256

## Image-shift PCA explained ratio top10
PC1: 0.136068
PC2: 0.079215
PC3: 0.048889
PC4: 0.043294
PC5: 0.035041
PC6: 0.026460
PC7: 0.025579
PC8: 0.023000
PC9: 0.021178
PC10: 0.017986
Top1 cumulative: 0.136068
Top3 cumulative: 0.264171
Top5 cumulative: 0.342506

## Image-shift consistency to mean direction
consistency_mean: 0.830771
consistency_std: 0.046302
