# BadCLIP Alignment Analysis

subsample: base
num_samples: 1549
target_index: 0
target_name: face

## Cross-modal alignment
align_mean: 0.127955
align_std: 0.039578
align_median: 0.126597

## Target attraction
target_attract_mean: 0.107765
target_attract_std: 0.026280
target_attract_median: 0.109437

## Shift norm
delta_i_norm_mean: 0.647480
delta_t_norm_mean: 0.458769

## Image-shift PCA explained ratio top10
PC1: 0.113800
PC2: 0.076270
PC3: 0.058790
PC4: 0.045019
PC5: 0.030804
PC6: 0.027897
PC7: 0.024538
PC8: 0.022722
PC9: 0.020229
PC10: 0.018681
Top1 cumulative: 0.113800
Top3 cumulative: 0.248859
Top5 cumulative: 0.324682

## Image-shift consistency to mean direction
consistency_mean: 0.840732
consistency_std: 0.044776
