# BadCLIP Alignment Analysis

subsample: base
num_samples: 1549
target_index: 0
target_name: face

## Cross-modal alignment
align_mean: 0.065629
align_std: 0.050498
align_median: 0.063229

## Target attraction
target_attract_mean: 0.112384
target_attract_std: 0.032252
target_attract_median: 0.112846

## Shift norm
delta_i_norm_mean: 0.732721
delta_t_norm_mean: 0.204116

## Image-shift PCA explained ratio top10
PC1: 0.211000
PC2: 0.066029
PC3: 0.043841
PC4: 0.035120
PC5: 0.026457
PC6: 0.024798
PC7: 0.023847
PC8: 0.020756
PC9: 0.019679
PC10: 0.016452
Top1 cumulative: 0.211000
Top3 cumulative: 0.320870
Top5 cumulative: 0.382447

## Image-shift consistency to mean direction
consistency_mean: 0.760876
consistency_std: 0.054644
