# BadCLIP Alignment Analysis

subsample: new
num_samples: 1788
target_index: 0
target_name: abyssinian

## Cross-modal alignment
align_mean: 0.086819
align_std: 0.038974
align_median: 0.088015

## Target attraction
target_attract_mean: 0.016935
target_attract_std: 0.013048
target_attract_median: 0.017151

## Shift norm
delta_i_norm_mean: 0.429708
delta_t_norm_mean: 0.041370

## Image-shift PCA explained ratio top10
PC1: 0.161520
PC2: 0.101894
PC3: 0.069755
PC4: 0.041019
PC5: 0.035228
PC6: 0.029814
PC7: 0.025993
PC8: 0.023349
PC9: 0.019523
PC10: 0.017987
Top1 cumulative: 0.161520
Top3 cumulative: 0.333169
Top5 cumulative: 0.409416

## Image-shift consistency to mean direction
consistency_mean: 0.818340
consistency_std: 0.097194
